Label mapping (index -> original label):
0: 1
1: 2
2: 3
3: 4
4: 5
5: 6
6: 7
7: 8
8: 9
9: 10
10: 11
11: 12
12: 13
13: 14
14: 15
15: 16
16: 17
17: 19
18: 20
19: 21
20: 22
21: 23
              precision    recall  f1-score   support

           1      0.725     0.807     0.764      2503
           2      0.758     0.957     0.846      3506
           3      0.947     0.546     0.693      1199
           4      0.500     0.349     0.411        86
           5      0.700     0.800     0.747      2295
           6      0.770     0.992     0.867      7896
           7      0.963     0.600     0.740      1634
           8      1.000     1.000     1.000      4364
           9      0.933     0.472     0.627       735
          10      0.000     0.000     0.000      1671
          11      0.960     0.833     0.892      2041
          12      0.717     0.362     0.481       735
          13      0.787     0.996     0.879      7426
          14      1.000     0.483     0.652       267
          15      0.519     0.975     0.677      2445
          16      0.804     0.059     0.110      2585
          17      0.607     0.707     0.653       735
          19      1.000     1.000     1.000      2295
          20      1.000     1.000     1.000      2295
          21      0.666     0.570     0.614       735
          22      0.721     0.325     0.449       931
          23      0.550     0.020     0.038      1116

    accuracy                          0.794     49495
   macro avg      0.756     0.630     0.643     49495
weighted avg      0.782     0.794     0.750     49495

AUC: 0.8096528498033951
PRAUC: 0.5219898786979555
Label mapping (index -> original label):
0: 1
1: 2
2: 3
3: 4
4: 5
5: 6
6: 7
7: 8
8: 9
9: 10
10: 11
11: 12
12: 13
13: 14
14: 15
15: 16
16: 17
17: 19
18: 20
19: 21
20: 22
21: 23
              precision    recall  f1-score   support

           1      0.699     0.812     0.752      2850
           2      0.783     0.931     0.851      4217
           3      0.969     0.503     0.662      1253
           4      0.773     0.526     0.626        97
           5      0.733     0.718     0.725      2433
           6      0.775     0.993     0.871      8073
           7      0.803     0.708     0.752      1722
           8      1.000     1.000     1.000      4361
           9      0.892     0.553     0.682       789
          10      1.000     0.002     0.003      1756
          11      0.960     0.813     0.880      1958
          12      0.673     0.358     0.468       787
          13      0.790     0.993     0.880      7897
          14      1.000     0.475     0.645       265
          15      0.546     0.961     0.696      2470
          16      0.729     0.138     0.232      2488
          17      0.687     0.615     0.649       789
          19      1.000     1.000     1.000      2433
          20      1.000     1.000     1.000      2433
          21      0.617     0.646     0.631       789
          22      0.727     0.347     0.470       930
          23      0.456     0.030     0.055      1219

    accuracy                          0.798     52009
   macro avg      0.801     0.642     0.660     52009
weighted avg      0.808     0.798     0.760     52009

AUC: 0.8158526839624366
PRAUC: 0.5338576818871983
Label mapping (index -> original label):
0: 1
1: 2
2: 3
3: 4
4: 5
5: 6
6: 7
7: 8
8: 9
9: 10
10: 11
11: 13
12: 14
13: 15
14: 16
15: 17
16: 18
17: 19
18: 20
19: 21
20: 22
21: 23
              precision    recall  f1-score   support

           1      0.710     0.823     0.762      2302
           2      0.791     0.994     0.881      7653
           3      0.717     0.353     0.473       946
           4      1.000     1.000     1.000      2302
           5      0.789     0.935     0.856      3684
           6      0.669     0.381     0.486       721
           7      0.966     0.828     0.892      1899
           8      0.854     0.031     0.060      1119
           9      0.938     0.507     0.658       722
          10      0.650     0.594     0.621       722
          11      1.000     1.000     1.000      2302
          13      0.958     0.607     0.743      1659
          14      0.774     0.993     0.870      7998
          15      0.000     0.000     0.000      1686
          16      0.651     0.471     0.547        87
          17      0.724     0.171     0.276      2562
          18      0.706     0.837     0.766      2542
          19      0.633     0.677     0.654       722
          20      1.000     1.000     1.000      4362
          21      0.554     0.944     0.698      2452
          22      0.953     0.501     0.657      1203
          23      1.000     0.470     0.640       270

    accuracy                          0.802     49915
   macro avg      0.774     0.642     0.661     49915
weighted avg      0.789     0.802     0.764     49915

AUC: 0.8158756147109244
PRAUC: 0.5352029582095513
