
=== Fold 0 ===
              precision    recall  f1-score   support

           1      0.408     0.384     0.396      1405
           2      0.597     0.612     0.604      3453
           3      0.940     0.968     0.954      1920
           4      0.000     0.000     0.000         1
           5      0.394     0.286     0.331        91
           6      0.212     0.209     0.210       158
           7      0.608     0.755     0.673       665
           8      0.111     0.024     0.040        41
           9      0.909     0.908     0.909      7977
          10      0.000     0.000     0.000         2
          11      0.396     0.348     0.370       540
          12      0.543     0.516     0.529      1083
          13      0.548     0.538     0.543      2064

    accuracy                          0.731     19400
   macro avg      0.436     0.427     0.428     19400
weighted avg      0.727     0.731     0.728     19400

AUC: 0.701
PRAUC: 0.297

=== Fold 1 ===
              precision    recall  f1-score   support

           1      0.398     0.357     0.377      1349
           2      0.613     0.612     0.612      3458
           3      0.952     0.961     0.957      1890
           4      0.000     0.000     0.000         0
           5      0.214     0.155     0.180        97
           6      0.239     0.229     0.234       166
           7      0.635     0.664     0.649       684
           8      0.042     0.042     0.042        24
           9      0.908     0.918     0.913      7826
          10      0.000     0.000     0.000         1
          11      0.307     0.314     0.311       493
          12      0.553     0.498     0.524      1000
          13      0.534     0.568     0.550      2017

    accuracy                          0.732     19005
   macro avg      0.415     0.409     0.411     19005
weighted avg      0.728     0.732     0.730     19005

AUC: 0.708
PRAUC: 0.310

=== Fold 2 ===
              precision    recall  f1-score   support

           1      0.417     0.365     0.389      1451
           2      0.611     0.593     0.602      3477
           3      0.942     0.960     0.951      1906
           4      0.000     0.000     0.000         0
           5      0.233     0.138     0.173       123
           6      0.217     0.155     0.181       168
           7      0.598     0.676     0.635       685
           8      0.000     0.000     0.000        36
           9      0.907     0.914     0.911      8064
          10      0.000     0.000     0.000         2
          11      0.307     0.260     0.281       497
          12      0.538     0.511     0.524      1134
          13      0.508     0.596     0.548      2031

    accuracy                          0.726     19574
   macro avg      0.406     0.397     0.400     19574
weighted avg      0.721     0.726     0.723     19574

AUC: 0.702
PRAUC: 0.304
