Label mapping (index -> original label):
0: 1
1: 2
2: 3
3: 4
4: 5
5: 6
6: 7
7: 8
8: 9
9: 10
10: 11
11: 12
12: 13
13: 14
14: 15
15: 16
16: 17
17: 19
18: 20
19: 21
20: 22
21: 23
22: 24
23: 25
24: 26
25: 27
              precision    recall  f1-score   support

           1      0.000     0.000     0.000         5
           2      0.000     0.000     0.000         4
           3      0.000     0.000     0.000         7
           4      0.912     0.954     0.932       432
           5      0.887     0.919     0.903       434
           6      1.000     0.778     0.875         9
           7      0.000     0.000     0.000         4
           8      0.000     0.000     0.000        11
           9      0.000     0.000     0.000        24
          10      0.923     0.706     0.800        17
          11      0.556     0.556     0.556         9
          12      0.000     0.000     0.000         1
          13      0.875     0.778     0.824         9
          14      0.000     0.000     0.000         1
          15      0.875     1.000     0.933        14
          16      1.000     1.000     1.000        13
          17      1.000     1.000     1.000        13
          19      0.000     0.000     0.000         9
          20      0.864     0.933     0.897       448
          21      0.000     0.000     0.000        13
          22      0.829     0.733     0.778       476
          23      1.000     0.778     0.875         9
          24      0.000     0.000     0.000         3
          25      0.000     0.000     0.000         0
          26      0.836     0.962     0.895       425
          27      0.000     0.000     0.000         1

    accuracy                          0.864      2391
   macro avg      0.444     0.427     0.433      2391
weighted avg      0.837     0.864     0.848      2391

AUC: 0.7186106118024017
PRAUC: 0.4044266308095029
Label mapping (index -> original label):
0: 1
1: 2
2: 3
3: 4
4: 5
5: 6
6: 7
7: 8
8: 9
9: 10
10: 11
11: 12
12: 13
13: 14
14: 15
15: 16
16: 17
17: 19
18: 20
19: 21
20: 22
21: 23
22: 24
23: 25
24: 26
25: 27
              precision    recall  f1-score   support

           1      0.000     0.000     0.000         0
           2      0.000     0.000     0.000         2
           3      0.000     0.000     0.000        10
           4      0.895     0.920     0.907       435
           5      0.856     0.856     0.856       439
           6      0.750     0.750     0.750         8
           7      0.000     0.000     0.000         1
           8      0.538     0.241     0.333        29
           9      0.333     0.167     0.222        12
          10      0.750     0.545     0.632        11
          11      0.571     0.500     0.533         8
          12      0.000     0.000     0.000         7
          13      0.750     0.750     0.750         8
          14      0.000     0.000     0.000         1
          15      0.909     0.833     0.870        12
          16      0.846     1.000     0.917        11
          17      0.909     0.909     0.909        11
          19      0.286     0.167     0.211        12
          20      0.847     0.921     0.882       468
          21      0.000     0.000     0.000        15
          22      0.779     0.723     0.750       481
          23      1.000     0.571     0.727        14
          24      0.000     0.000     0.000         2
          25      0.000     0.000     0.000         6
          26      0.834     0.930     0.880       428
          27      0.000     0.000     0.000         0

    accuracy                          0.833      2431
   macro avg      0.456     0.415     0.428      2431
weighted avg      0.817     0.833     0.822      2431

AUC: 0.7204736125871006
PRAUC: 0.370706970722074
Label mapping (index -> original label):
0: 1
1: 2
2: 3
3: 4
4: 5
5: 6
6: 7
7: 8
8: 9
9: 10
10: 11
11: 12
12: 13
13: 14
14: 15
15: 16
16: 17
17: 19
18: 20
19: 21
20: 22
21: 23
22: 24
23: 25
24: 26
25: 27
              precision    recall  f1-score   support

           1      0.000     0.000     0.000         3
           2      0.000     0.000     0.000         1
           3      0.000     0.000     0.000         1
           4      0.928     0.949     0.938       433
           5      0.831     0.952     0.887       434
           6      1.000     0.667     0.800         3
           7      0.000     0.000     0.000         0
           8      0.250     0.067     0.105        15
           9      0.000     0.000     0.000         9
          10      0.833     0.625     0.714        16
          11      0.125     0.333     0.182         3
          12      0.000     0.000     0.000         0
          13      1.000     1.000     1.000         3
          14      0.000     0.000     0.000         0
          15      0.933     0.933     0.933        15
          16      0.933     0.933     0.933        15
          17      1.000     0.933     0.966        15
          19      0.250     0.167     0.200         6
          20      0.852     0.942     0.895       452
          21      1.000     0.250     0.400         4
          22      0.919     0.695     0.792       459
          23      1.000     1.000     1.000         3
          24      0.000     0.000     0.000         1
          25      0.000     0.000     0.000         0
          26      0.889     0.914     0.901       430
          27      0.000     0.000     0.000         0

    accuracy                          0.873      2321
   macro avg      0.490     0.437     0.448      2321
weighted avg      0.873     0.873     0.868      2321

AUC: 0.7668509659475371
PRAUC: 0.48886158141383057
